vivebag_2019-02-11-16-10-06.bag
ceres:
oTv: 0.8680102935, 0.9042550315, -0.5126703613, 0.3734043052, 0.2679120831, 0.1570138789
aTt: -0.01034414011, -0.1541853846, -0.05586512263, 0.4921711484, -1.772332661, 0.8159731723

visp:
oTv: 1.929934929, 0.788343507, -0.5394953847, 0.2738754952, -0.2355104275, 0.06440822502
aTt: -0.03998890452, -0.01417656574, -0.05221435987, 0.01720537325, -2.055729336, 1.475919238


vivebag_2019-02-11-16-02-12.bag
ceres: (certainly wrong)
oTv: 0.6941822251, 2.086865008, 0.635239923, 1.22558417, -1.103662346, 1.048743852
aTt: -0.802704362, 0.53156677, -0.4803323285, -0.1258446165, -3.410383064, 1.81827137

visp:
oTv: 2.643234565, 0.2838836277, 0.005093525403, 0.1751538828, -0.3135804322, -0.2968979076
aTt: 0.008969060069, 0.05087232145, -0.1453385648, -1.950829903, -0.09184702056, 0.3756954013

